948189200
3508917914
2044951650
1964768588
2061963490
4162486492
3042226400
2425837319
815928170
2094169543
2868325164
868777241
4086211739
855575650
1459406509
430884482
2344132315
551183093
3869668932
2673986679
4132627396
882862871
3563612272
3257896642
2428179217
2393817954
2706544270
3899375884
2316794955
3202148758
3542485288
627234822
1851490336
985206551
2664123059
3609827089
3739953921
1081816334
2855237272
749762430
3575358852
2566710675
3135185460
40341058
3790795785
3462073941
3653590177
1473129350
970105565
207778112
1623447318
3713143971
977756588
1162540291
2670284434
401338260
3979416057
3243662914
3685564189
2495904882
769046471
1158092503
2876810490
2052769419
355504621
3639038715
3887872174
3165307100
1004375634
532878987
2348540830
2303172869
3174265618
2476766390
3600441271
735903218
1612782106
409124923
377974245
1426658352
1966100702
1583750901
4201318296
1774760194
2693947295
1637062094
3135297514
1880668403
4196373033
1949264825
4118567716
3432929905
3926329781
2972505938
3380797467
1816902171
1038298761
200901550
1989242883
2285198266
245627861
2226002475
3914765731
3014045084
1163474828
532644598
631818389
2823222647
1777955363
4289526560
2222068893
1408293576
3320060980
1925621299
189102169
4265803277
1798069916
580602407
1839312577
2520608725
3581682250
4278148327
1342479189
2344966858
1390966974
3036062626
3881782186
273117190
1045335744
3030173142
1218530078
2993167355
83160478
3280555808
2613202199
1171564648
2022087927
2610569562
562700231
1334104394
2243990263
2838951482
20185534
2268558747
1119312269
4228217702
2764429945
2859739413
1895731732
796317722
2233881969
62348090
109049422
3641099902
3047036560
227327425
87141360
2525643115
350526545
1887206145
329492961
830538463
3069241578
234855750
2927213543
920677415
1159689016
2629402262
418932697
3104433422
2797257702
1041496614
1720511374
2671210420
1372964032
1896247510
3488429590
468302782
1670523793
3043679265
1123282546
1276494891
4291321836
480724552
270472421
1144329385
526010455
3214680093
403929780
1235638484
1197200648
1467140383
2199734801
2191003308
1302527774
3025044182
1023971268
3293261034
224780460
3792658810
80846796
1527870029
4270967055
8356179
2118243593
666319485
2644112516
2740907434
2171883558
4168668005
1492382823
3948230660
2357897176
2126833487
449665920
3537787092
2630847777
3453078594
238684859
2321995688
3235410031
1004996343
1667249463
3083019755
967519821
78642067
202041274
1216477777
465818456
2748537840
3233351684
2180022953
87234967
302893117
480773259
3223437354
377591185
1174270112
141588762
752791409
2800474981
2160561641
1897677242
3419225054
3573729517
236813512
2666378816
4177883276
2469568108
716275798
1724781630
3761857513
3367509008
2768558217
264350335
1854223132
3826628583
1297902966
356602316
1782523728
2696279657
3622250266
689976032
2265110312
371093834
703134428
2267317196
2792683324
2517688523
3556851709
3362434385
3368792597
2189779304
394216257
433505533
2789008066
3925386290
345197430
3431181697
2321257165
3013705658
2335330524
1504494815
3333605054
4157103370
3959812483
2637862139
1077352890
569041566
3865031542
1231629173
2071039646
1393496084
4069227950
1092057945
734455538
54300768
25655330
1167863169
113645698
858762296
3415710999
565019430
2285522415
3639937674
789115911
1823658149
2319382625
2240035134
510194965
1752218016
494256667
1720488776
2008464096
2972769928
90693233
3414098457
571785635
3152097607
3312440236
2891087540
609046963
2960126085
2995180990
2294613035
2137945513
4172670574
1348462678
2315207709
3149951574
3897343761
3644896266
1771036390
1228043432
1458513050
1093033032
1961055067
2593761330
1900857640
4147384562
604947065
679712167
429646206
2585627399
282094019
1579533260
639875634
2097009182
1203232989
296795583
4242305515
4114203381
2358177198
1413847760
1760724035
3517235797
2252798072
1270170656
2216864643
1927894781
449127154
2777651407
3775358718
3255788133
524291884
1951325454
1064779333
505870356
977278996
3669846937
2718708598
3219752670
449526632
2682656990
1604545746
1436155119
2565339896
1779219748
1804432488
1779732459
3357344514
1548469740
1641919202
2145968382
2832721049
786474906
2425493575
3417664922
4075391466
3801784812
3567240944
3132026996
3117844906
2051463082
1288896289
3227027891
2551327258
4107455232
3809841740
2836621363
3115128221
1858053378
861957831
213701385
3678329982
2954726630
2698070550
2096297555
2424383077
715782964
1034809527
1895769437
1633563531
721789150
3964518719
149567810
288118624
2659382907
3124930479
1780091734
2010833509
1852549377
3106768995
1548172544
3640930366
2548871672
1458841806
1854059920
2121724686
970965259
1684500331
3782847245
2490368980
2181719595
2665212676
484202867
3435593912
2498294121
2417085058
418384214
3267017626
3194166715
2510879510
1520919888
1170336428
2086797851
2536099638
213153095
510141161
2150210177
3261928613
2244834121
2837588473
3867377561
2428960096
3881988626
1737513836
1540915163
3630527558
2955152376
3964092875
2663571290
2569352944
1233968894
3132339155
202107493
4036385710
1665200120
506051333
3514580688
286535510
3950453395
788728143
2444336793
578520559
3638099360
3991172493
2103734702
3617022527
2956207407
921922532
1531551103
969198396
1708407145
1208701909
590041502
2025626389
1279152692
261614253
2533894336
3746799997
764754246
3264106117
2349704622
4200328006
2088570546
590628089
3637951714
2582121303
767785961
3675114448
2499242004
2189758588
439703430
1531775249
485680626
3879293581
3828775088
2844903219
2129669986
1615028373
2824821729
3069882941
3271450480
698793333
2375951945
961962033
2554971392
2365917162
1707406491
2132910679
2472586809
2980663426
247507122
1367896825
2254139681
416999983
2203404114
3323824520
1837126181
2628411414
4200725408
938580253
2835684553
1819975837
1963817426
1345979249
1458435003
44782672
273516812
158869309
2882407544
1026915968
1341163182
159730834
1645458355
3820179653
2539332041
904150177
2748789396
2007881569
331226859
345206983
1738901850
540500279
599322753
976012756
1481465117
2965903516
1638416299
1683150160
3818136933
3789791430
1223189666
838041323
457755636
2738562756
2431701793
490276300
99645944
3815019186
1851787221
2989395852
850040508
1952153938
1753620190
730868241
337573507
103483542
1094859964
2830076339
2814554330
3145717417
3563438600
2730285878
3437978623
3095373279
3432864985
1559778902
4127965501
818351532
1387389687
1852674512
3843002533
4249350736
706990517
1631017729
2116540428
3289338148
1982140717
4283025122
2346817485
2586546986
3650539886
3849602242
922600033
3174630354
1862769036
719402794
3180888797
1972688994
342878852
608657085
2081647724
1429267360
2711372468
1736691490
9866955
303211564
50047017
2180759065
3251074467
2491241863
3702451161
2428003015
2478267775
416590138
3962036082
1736960430
2401346271
1648696906
1688744646
3470500822
1680311892
893517692
1863436043
4147380232
563532694
4052328435
1881451788
4251839604
2438789106
1509763890
3659804586
1775898970
1680334345
579301179
422935744
2418990092
2506370250
739521640
3196316820
1922532486
1557846639
110470340
560085988
765928574
2575830532
1123409861
866214952
1458131006
2659183800
892535183
3398807091
1971833901
3006158461
1158674684
3220377507
3019421558
3161588843
928382533
2202522911
427343915
1599101655
2162846444
1399018338
726568526
406818628
2278851924
1971158311
3290151706
633988110
1666424275
4284857696
386910997
2248676211
1944509457
3223486681
2706201975
3191801648
3531471838
1858305021
3026846285
1600591362
2802729765
2119871185
3066880534
2853790281
3859029920
1065164106
1303096626
1098681577
1836832768
3170163658
480822566
1980875235
1846596189
532882203
3356268574
1613196900
1361800460
2459657163
3804432477
2847577851
372528810
2974059654
1407249560
3119737953
2690229421
2773357710
2335609426
1279450767
1191155782
2297259840
2577287758
667088195
3702337781
2684327947
125511604
4112764940
1721768531
2309521743
1911544888
3662437273
4248627705
777313401
734703997
3102111211
2533671203
4245594675
439347822
2960173541
2181963720
3792619357
2772353894
2113163785
2221008923
2437648889
3507100634
3491953664
940190830
3744138373
2091660116
2133074494
2413902562
2244782608
2976132781
2342973325
1695901400
1767517195
573575680
114918238
3088927291
1059809743
2501027036
2286040870
4152986694
1115334810
3703783678
905548003
432605367
4235683714
617904042
2004732851
874773634
1219413888
1343565364
2806698496
803516214
2779319971
3879285154
4237627502
1676438544
3762998992
3424763024
2487652845
2628880740
2323019716
1215464150
1107076012
4245512382
4153614468
3548199747
3124768823
1463974059
569585381
4148503392
3784499652
3464399076
2860210146
293564645
1927625105
2762746877
1726914828
1383824223
2035576503
3390615117
3597894825
491237140
1625580753
204633988
61711794
2158105646
1553687903
796631340
2217110558
1147049335
658656483
4005982431
1750603290
2576127289
3369335038
2317049482
2388840893
411006223
3942645950
2966802341
60004283
1754894771
1142935233
4269217819
2924415542
1932573851
4075187199
2478732803
2246264829
3792670394
190058994
3297306225
310183665
3024148703
2325614251
215932532
553226877
2622381419
3180463465
2543803279
3205888920
2633358869
273955345
312082535
4068452401
3227005363
2431998881
1386404954
1305675154
3522530776
1034357275
185964473
1074713385
2420258380
3526804431
1987890077
583071720
860855834
3845830328
2000208061
3571567223
3446787296
907152383
1749074540
1775903615
1810427574
3275934251
2888832730
1212008243
3852320427
3454811701
236148292
3030528815
602566757
3264608336
1631243534
3900459429
3754512370
855151574
3616332847
759713842
701061278
1844344716
1881729538
107015605
2783043475
1563867464
3713215655
1528466064
2950323215
2944239317
2563551011
746459105