948189200
3508917914
2044951650
1964768588
2061963490
4162486492
3042226400
2425837319
815928170
2094169543
2868325164
868777241
4086211739
855575650
1459406509
430884482
2344132315
551183093
3869668932
2673986679
4132627396
882862871
3563612272
3257896642
2428179217
2393817954
2706544270
3899375884
2316794955
3202148758
3542485288
627234822
1851490336
985206551
2664123059
3609827089
3739953921
1081816334
2855237272
749762430
3575358852
2566710675
3135185460
40341058
3790795785
3462073941
3653590177
1473129350
970105565
207778112
1623447318
3713143971
977756588
1162540291
2670284434
401338260
3979416057
3243662914
3685564189
2495904882
769046471
1158092503
2876810490
2052769419
355504621
3639038715
3887872174
3165307100
1004375634
532878987
2348540830
2303172869
3174265618
2476766390
3600441271
735903218
1612782106
409124923
377974245
1426658352
1966100702
1583750901
4201318296
1774760194
2693947295
1637062094
3135297514
1880668403
4196373033
1949264825
4118567716
3432929905
3926329781
2972505938
3380797467
1816902171
1038298761
200901550
1989242883
2285198266
245627861
2226002475
3914765731
3014045084
1163474828
532644598
631818389
2823222647
1777955363
4289526560
2222068893
1408293576
3320060980
1925621299
189102169
4265803277
1798069916
580602407
1839312577
2520608725
3581682250
4278148327
1342479189
2344966858
1390966974
3036062626
3881782186
273117190
1045335744
3030173142
1218530078
2993167355
83160478
3280555808
2613202199
1171564648
2022087927
2610569562
562700231
1334104394
2243990263
2838951482
20185534
2268558747
1119312269
4228217702
2764429945
2859739413
1895731732
796317722
2705878523
3663654624
2691080479
1598985396
2159434152
2915767442
3929569435
2504062110
330280958
1542335014
3788135664
925205548
3930113505
198243240
3864488256
1175782642
2855780634
2891009068
3107892221
1990827643
4068083596
451476062
3413047480
2120795678
1548922202
717704286
2379093830
3955551077
3706096255
4058086569
3919788601
1336042794
2686395877
4099973755
458147198
2591515619
378248710
3124010630
2569839544
3735103010
2961472811
310074271
589020994
743940833
2001534935
52763599
2192165110
531032271
1679966944
1592151306
2900032569
770335980
610617349
3583957487
1849083021
1901756140
1477932624
475164575
3483234128
3269070158
1827707842
1431784916
1732240386
1025535792
492825302
368063410
3962324816
3329627407
3197212010
2329789415
804895248
679127358
3473565766
1345806272
1483511112
3039450289
1649891795
2730505294
1163738746
1829977608
320519826
3011084372
1790028327
261157465
794681079
3762273472
842040631
1866920968
4096585670
2430433291
1835611121
884098679
1850703125
441540357
2194187799
2528609087
1481638067
2860312868
3517400175
4163995787
4124321600
877653397
3636525679
3229368998
3552277013
1452631208
4133744558
3083427653
1460332595
885882381
1227929838
3078098462
1166374889
3522476543
1849061187
249111923
1248209881
3331722124
3651539433
2011586561
354278866
599504880
1096909574
2376591289
3816158319
2864661212
2148214385
3461284152
979629440
1181077219
1362066621
1694664765
2603312929
2489322558
3129824402
4120337554
22354493
3896960864
2570130983
352250073
774535085
1793854021
3530838769
2047828343
4247723763
756689058
754758193
2486518559
355648053
839469023
2233881969
62348090
109049422
3641099902
3047036560
227327425
87141360
2525643115
350526545
1887206145
329492961
830538463
3069241578
234855750
2927213543
920677415
1159689016
2629402262
418932697
3104433422
2797257702
1041496614
1720511374
2671210420
1372964032
1896247510
3488429590
468302782
1670523793
3043679265
1123282546
1276494891
4291321836
480724552
270472421
1144329385
526010455
3214680093
403929780
1235638484
1197200648
1467140383
2199734801
2191003308
1302527774
3025044182
1023971268
3293261034
224780460
3792658810
80846796
1527870029
4270967055
8356179
2118243593
666319485
2644112516
2740907434
2171883558
4168668005
1492382823
3948230660
2357897176
2126833487
449665920
3537787092
2630847777
3453078594
238684859
2321995688
3235410031
1004996343
1667249463
3083019755
967519821
78642067
202041274
1216477777
465818456
2748537840
3233351684
2180022953
87234967
302893117
480773259
3223437354
377591185
1174270112
141588762
752791409
2800474981
2160561641
1897677242
3419225054
3573729517
236813512
2666378816
4177883276
2469568108
716275798
1724781630
3761857513
3367509008
2768558217
264350335
1854223132
3826628583
1297902966
356602316
1782523728
2696279657
3622250266
689976032
2265110312
371093834
703134428
2267317196
2792683324
2517688523
3556851709
3362434385
3368792597
2189779304
394216257
433505533
2789008066
3925386290
345197430
3431181697
2321257165
3013705658
2335330524
1504494815
3333605054
4157103370
3959812483
2637862139
1077352890
569041566
3865031542
1231629173
2071039646
1393496084
4069227950
1092057945
734455538
54300768
25655330
1167863169
113645698
858762296
3415710999
565019430
2285522415
3639937674
789115911
1823658149
2319382625
2240035134
510194965
1752218016
494256667
1720488776
2008464096
2972769928
90693233
3414098457
571785635
3152097607
3312440236
2891087540
609046963
2960126085
2995180990
2294613035
2137945513
4172670574
1348462678
2315207709
3149951574
3897343761
3644896266
1771036390
1228043432
1458513050
1093033032
1961055067
2593761330
1900857640
4147384562
604947065
679712167
429646206
2585627399
282094019
1579533260
639875634
2097009182
1203232989
296795583
4242305515
4114203381
2358177198
1413847760
1760724035
3517235797
2252798072
1270170656
2216864643
1927894781
449127154
2777651407
3775358718
3255788133
524291884
1951325454
1064779333
505870356
977278996
3669846937
2718708598
3219752670
449526632
2682656990
1604545746
1436155119
2565339896
1779219748
1804432488
1779732459
3357344514
1548469740
1641919202
2145968382
2832721049
786474906
2425493575
3417664922
4075391466
3801784812
3567240944
3132026996
3117844906
2051463082
1288896289
3227027891
2551327258
4107455232
3809841740
2836621363
3115128221
1858053378
861957831
213701385
3678329982
2954726630
2698070550
2096297555
2424383077
715782964
1034809527
1895769437
1633563531
721789150
3964518719
149567810
288118624
2659382907
3124930479
1780091734
2010833509
1852549377
3106768995
1548172544
3640930366
2548871672
1458841806
1854059920
2121724686
970965259
1684500331
3782847245
2490368980
2181719595
2665212676
484202867
3435593912
2498294121
2417085058
418384214
3267017626
3194166715
2510879510
1520919888
1170336428
2086797851
2536099638
213153095
510141161
2150210177
881542195
1955531280
56603071
272167495
735857537
4021244869
1549259382
3342373029
4083556500
2422347478
372162912
3580326145
3419121014
1466198760
3859647002
1035649764
1906740233
1170843808
3414456692
1102445663
1841228526
4165541925
1773634782
895543937
3167239477
2489621700
4151280918
2987332227
217477502
511769325
190702857
38512363
3237685378
4041188456
668497622
1701138298
3342750992
4279454187
38419614
1762060057
3792587218
891889329
4126713463
4202579729
1588532133
2716335652
2571759687
4242386502
64281328
2872082516
32476730
1780360966
2049144176
2108956873
568627679
1413521467
776442774
2600294622
154890519
2712207888
1388033693
3697217158
3852789365
992484309
2625786070
2789774519
3798678053
3285622133
2633735136
793887511
118543676
964621285
828030393
1400688061
2279082924
4039442647
3096840970
355670297
3073355116
3168039373
764668776
3756015094
566982362
1587391986
944374809
293641907
1124569425
547631583
2765927044
3353357370
111550874
922284290
2857505894
1635777146
1009166155
2603911455
2971236888
3402352742
3346198518
916708404
3929667402
497870117
3437467875
2077351756
729985467
2623257328
3472857637
3220283793
4099209729
573111664
3517207346
3785230124
440803100
1479603445
2721296908
686686639
1456196661
1758827537
3267209885
3960837426
2520467565
3204103297
4131811879
1710010848
2656896757
3104618490
1986533998
1791210673
3318109964
2965976437
4009754693
3295372472
450117586
724786268
4165807715
3394145660
1911614426
1848264233
3356195984
4161666445
1718582149
2322788644
2353160857
3120408486
2857996731
3613736574
596547279
4091026853
3577518243
348525744
3261928613
2244834121
2837588473
3867377561
2428960096
3881988626
1737513836
1540915163
3630527558
2955152376
3964092875
2663571290
2569352944
1233968894
3132339155
202107493
4036385710
1665200120
506051333
3514580688
286535510
3950453395
788728143
2444336793
578520559
3638099360
3991172493
2103734702
3617022527
2956207407
921922532
1531551103
969198396
1708407145
1208701909
590041502
2025626389
1279152692
261614253
2533894336
3746799997
764754246
3264106117
2349704622
4200328006
2088570546
590628089
3637951714
2582121303
767785961
3675114448
2499242004
2189758588
439703430
1531775249
485680626
3879293581
3828775088
2844903219
2129669986
1615028373
2824821729
3069882941
3271450480
698793333
2375951945
961962033
2554971392
2365917162
1707406491
2132910679
2472586809
2980663426
247507122
1367896825
2254139681
416999983
2203404114
3323824520
1837126181
2628411414
4200725408
938580253
2835684553
1819975837
1963817426
1345979249
1458435003
44782672
273516812
158869309
2882407544
1026915968
1341163182
159730834
1645458355
3820179653
2539332041
904150177
2748789396
2007881569
331226859
345206983
1738901850
540500279
599322753
976012756
1481465117
2965903516
1638416299
1683150160
3818136933
3789791430
1223189666
838041323
457755636
2738562756
2431701793
490276300
99645944
3815019186
1851787221
2989395852
850040508
1952153938
1753620190
730868241
337573507
103483542
1094859964
2830076339
2814554330
3145717417
3563438600
2730285878
3437978623
3095373279
3432864985
1559778902
4127965501
818351532
1387389687
1852674512
3843002533
4249350736
706990517
1631017729
2116540428
3289338148
1982140717
783648343
962393719
2187585718
594502137
67036164
1592067485
568717389
1517175418
3799917098
3625665813
3150266354
2831600589
2000147700
1557536143
90245655
3602304038
2528436860
2768194863
3625139387
3335587583
2535188574
3986295767
3343130488
4202947890
4026137965
2425182619
4174324275
228665105
3176997502
318161929
2447621315
3471195498
2988134060
354259542
993098833
1345854570
3928152813
1680200058
3105848969
1221217005
1647609117
3116765939
4203334862
1254799610
1327715079
2904145509
1152772135
1326187493
1982259777
781160413
3015075508
459991073
1972244820
1444308484
282510549
94462373
245831074
4058598439
1625500742
3138474893
2942639770
3566978084
3653745236
1907179081
4198371318
1401602498
238265934
2243759279
2500878378
3301962170
543817650
394392821
152407797
3776253455
4042118600
1688781564
2810127569
1352833379
2024886194
187596684
3356807120
2151186323
454607143
278630589
4159022752
3658474856
3734967970
1013831925
3076593273
4135835401
924814254
2860293439
3320459273
247912757
1871462913
2488884459
381309372
139103712
3168314045
671453927
3189760343
1002960612
1376033194
2265876627
661273182
839620132
1184165829
1076422569
1749730048
887958869
986921016
146685751
694002798
3633672772
3073175904
1102424937
1307706694
3810186888
826737302
2708297719
1877695864
89892727
1727544799
3409191951
4221451253
2432889400
451964714
3014636718
1818521189
350166290
3927071808
520095797
316967908
996045685
3411777911
1893879095
294859355
2640275497
26666886
4274708159
2333077451
3584842152
1068599700
3758700697
1251370884
1791414804
3493428190
288155911
3814823491
3582233343
4283025122
2346817485
2586546986
3650539886
3849602242
922600033
3174630354
1862769036
719402794
3180888797
1972688994
342878852
608657085
2081647724
1429267360
2711372468
1736691490
9866955
303211564
50047017
2180759065
3251074467
2491241863
3702451161
2428003015
2478267775
416590138
3962036082
1736960430
2401346271
1648696906
1688744646
3470500822
1680311892
893517692
1863436043
4147380232
563532694
4052328435
1881451788
4251839604
2438789106
1509763890
3659804586
1775898970
1680334345
579301179
422935744
2418990092
2506370250
739521640
3196316820
1922532486
1557846639
110470340
560085988
765928574
2575830532
1123409861
866214952
1458131006
2659183800
892535183
3398807091
1971833901
3006158461
1158674684
3220377507
3019421558
3161588843
928382533
2202522911
427343915
1599101655
2162846444
1399018338
726568526
406818628
2278851924
1971158311
3290151706
633988110
1666424275
4284857696
386910997
2248676211
1944509457
3223486681
2706201975
3191801648
3531471838
1858305021
3026846285
1600591362
2802729765
2119871185
3066880534
2853790281
3859029920
1065164106
1303096626
1098681577
1836832768
3170163658
480822566
1980875235
1846596189
532882203
3356268574
1613196900
1361800460
2459657163
3804432477
2847577851
372528810
2974059654
1407249560
3119737953
2690229421
2773357710
2335609426
1279450767
1191155782
2297259840
2577287758
667088195
3702337781
2684327947
125511604
4112764940
1721768531
2309521743
1911544888
3662437273
4248627705
777313401
734703997
3102111211
2533671203
4245594675
439347822
2960173541
2181963720
3792619357
2772353894
2113163785
2221008923
2437648889
3507100634
3491953664
2660036040
2133123435
2987108813
1076859016
364238871
1270478882
1765033324
2242443043
1292921202
1471157515
1270716817
345044517
4098413883
314958389
2561797852
2159913699
2068042840
1776719815
2001950872
1871236218
536100947
298266796
1161904281
2541900785
2377220991
3253382704
2434179835
4198946923
2687200777
246117297
2247622831
2130362363
1293611017
396249767
2355773121
3805627648
1492636495
239838486
3479648337
465748339
3638068046
3709149348
869858897
1150991433
3240593656
449454929
814767442
1555175100
815796779
2726695144
3871171946
1769624351
1752093918
2381648219
3380211836
3637412820
2679521034
3065820246
2152664338
1473566291
2638510646
1467635976
2502952
3722156607
1912073535
222580693
1238489662
16309484
555682879
2857007258
791675310
2452529716
952605103
1514707879
1715517310
1972196264
1225882255
3739293021
4265595097
4026952687
2042833558
3698779760
4047119550
2084236125
478296718
1946437070
3185384487
1374508634
609608405
794063456
2171689760
3007797185
653377573
506820117
3583102054
1180722599
4214479038
824804667
2873569396
1734779710
823217457
4119968235
3601020872
3664038731
39885894
1067362501
458453932
194505833
1340692
1502905451
2945665809
1435567360
1242738682
1661935361
233919139
852023969
3736520109
911922634
2585941588
3415231406
3942628791
4125670846
1975843111
3671243162
3204730912
82917194
1544125491
3602387769
1783896084
598377318
3323772641
1549047426
1330531705
1157640466
3804498001
4154779306
2765973113
116505253
399453621
2043939895
922674942
289048807
290643315
1519575926
71738407
650946200
2086114908
315842398
1122891901
2823577891
940190830
3744138373
2091660116
2133074494
2413902562
2244782608
2976132781
2342973325
1695901400
1767517195
573575680
114918238
3088927291
1059809743
2501027036
2286040870
4152986694
1115334810
3703783678
905548003
432605367
4235683714
617904042
2004732851
874773634
1219413888
1343565364
2806698496
803516214
2779319971
3879285154
4237627502
1676438544
3762998992
3424763024
2487652845
2628880740
2323019716
1215464150
1107076012
4245512382
4153614468
3548199747
3124768823
1463974059
569585381
4148503392
3784499652
3464399076
2860210146
293564645
1927625105
2762746877
1726914828
1383824223
2035576503
3390615117
3597894825
491237140
1625580753
204633988
61711794
2158105646
1553687903
796631340
2217110558
1147049335
658656483
4005982431
1750603290
2576127289
3369335038
2317049482
2388840893
411006223
3942645950
2966802341
60004283
1754894771
1142935233
4269217819
2924415542
1932573851
4075187199
2478732803
2246264829
3792670394
190058994
3297306225
310183665
3024148703
2325614251
215932532
553226877
2622381419
3180463465
2543803279
3205888920
2633358869
273955345
312082535
4068452401
3227005363
2431998881
1386404954
1305675154
3522530776
1034357275
185964473
1074713385
2420258380
3526804431
1987890077
583071720
860855834
3845830328
2000208061
3571567223
3446787296
907152383
1749074540
1775903615
1810427574
3275934251
2888832730
1212008243
3852320427
3454811701
236148292
3030528815
602566757
3264608336
1631243534
3900459429
3754512370
855151574
3616332847
759713842
701061278
1844344716
1881729538
107015605
2783043475
1563867464
3713215655
1528466064
2950323215
2944239317
2563551011
746459105
3791076943
4276145356
1408735959
390164785
1088851420
3605972218
2843953722
796100262
3581223522
1290512306
666993878
1498945263
99305940
1438503294
3361762579
1649132740
2398371737
135906875
930416616
1421744414
3107155533
2256882280
2381955282
3147065198
2146744878
1598414066
1917295248
349395077
4144632799
1484766991
3589256835
795260013
454612654
4249262670
1091417302
3231852515
3701206184
2442562497
844326052
2344008443
674428770
1317054645
3271933436
343197202
4244777076
995508547
3021901621
3541530809
3784600764
3105946118
227691902
1175616723
2062584936
2571036515
657150679
1237054050
2016944255
1517542530
3673526094
2519830538
2080689145
1828857251
4286123973
4006810063
4048035779
2698773212
1715493734
524179099
2506031675
2038517452
4186009039
2328808718
703620012
3609291093
758451741
4071806562
3160622676
3630831043
2573438030
4042614817
2963372640
3556126702
3180996685
99060705
872637844
3897607922
2268812096
2090167761
931268939
2981494632
2813958992
3281435923
3629571607
1163101065
439627253
909013395
3428216138
3450940423
4230533767
139315363
1833656079
155941858
3861844312
119175081
3779149902
1095771680
1294051171
2024303797
2050023829
4289598382
1406855457
2757874232
3872160558
4272903594
688930708
288625696
1735849692
3046997184
165213821
3154520733
723191658
2519076394
3443006293
1561874163
606710616
1769988847
3297094665
4049139586
2662925555
1917292517
4150560229
3554845304
2881306400
28647126
1881461238
1821835511
3280378094
2079931852
2772555987
1411913459
3285290401
255239094
2742037526
2951675210
1651862854
3458697173
2840896465
2465245548
2290672381
4104651815
1018111168
3206927735
2854542296
287173786
2974089654
3032425585
1258628397
1158249625
725184146
1342533335
847035801
706556788
668005972
3228550673
3349405616
564099648
1355080265
2203810367
2674704837
2907739207
1463451450
1041903418
1183140249
1437674120
1751403290
1748202446
3250404070
1444586394
133065402
2867133136
457784198
233983904
1655904054
4034995542
594975512
635728861
1475804711
3116366810
3742073003
3855350959
2434009607
3556300225
1806420329
4270132476
175124142
532164108
1296712709
3986272804
1061166954
90928133
3294536010
2658680552
939527099
785445365
2712257253
1363596842
401529714
396963270
780062853
391713289
1749710241
1335911602
3677948125
1663313461
2727602647
1809077681
3346924899
153834946
733070084
4227759648
1748754756
295573637
3914551335
2107925773
2549299521
3574143593
4207947857
651570565
402403946
1206014645
1419409409
1046113139
3416630985
3050511893
3892903738
2922529494
2278200404
1247343872
1651933443
2480849382
959626482
3236598744
3588333603
3562384705
1218957495
976471983
778462331
3981302623
1932117872
539839737
1890465431
2766006751
2497529550
1062394718
1552647855
3373644104
1305122745
2560240460
2623213574
3121123546
2794696459
1747851987
1625271030
420639274
2352618568
3445459521
3071091636
1695326745
851223979
3541768824
703158219
94363932
3686301833
3126854935
3654618126
251499595
2821728710
854231551
819720445
630793505
2267525570
1922281336
1859425674
2665556225
801944987
4017872853
3747029117
1170643259
3685897895
858662822
1930256981
3989706624
3329548917
2175800739
1013409119
3542460180
167662013
4248906460
638960252
3483138
390773050
3204236421
2713405099
1310715815
2808647919
76103698
1111553161
4226176934
2725001219
978163589
3180829316
1676920079
4247520038
1520969238
3423703783
405493453
1025875510
164933119
2302690103
1321187565
1493852249
1684202706
920308030
2286373227
4084715089
3183969325
1873407637
2968476958
982174903
1526479729
201320176
2377915141
3292867067
3540857425
745092204
90200303
1596846080
2578387856
1320906641
662976165
3815490184
1422319032
1961479624
3116252719
2910731181
1454467669
790238852
1818600907
206547983
3580340343
4201353968
1728502924
2706062963
3133556915
1797380921
3361239777
1280952902
3690444738
2154362907
2926790569
2020789003
806070496
8209734
2687965609
2941006164
4183542252
1689137163
3565394282
867957097
1857352307
2655654326
3488437970
4082802093
1937899866
42504087
3618249860
4105907344
867681977
1961242729
3460887049
3408263248
49263549
4010297361
3595122701
1142955418
2562549760
159784618
2323275074
2159353059
3139331091
803203164
1840887156
3880062175
105011680
3245696742
1619860902
3285832802
1325523728
2461004227
1785109273
3175586926
2995343141
1000174659
2178688790
769315415
3514727475
2269552394
2830548530
3712963100
1254016070
2553043801
3404167703
187171364
2770444318
2964543325
1950971376
3143370450
1375245302
3359742064
1457974719
1767494359
3008368148
334424970
753425979
586543497
669451105
4111709302
278359501
1279997387
3676061035
3649801068
873647459
1648188049
1448225894
173546876
4098588581
3879804319
3223165446
2489546141
1258998660
2313970022
4082206459
277236102
3974976767
1792597447
2478470462
3753602019
982231020
674168686
1814558689
3090457250
3046564089
1122079170
1070530400
2170340683
446450735
341395382
196045873
718604169
1185099314
3815863100
4186478725
3582986684
211750407
1556900900
3685037437
4266677313
3660818841
312317359
2218370274
1317711571
3107585010
3237339237
3856429128
2002721503
3277756907
4103960632
590348548
796858357
3054357611
2252353957
348333259
3585085523
995636105
3343523784
3491424194
710214545
106843879
2864431452
2940504485
3569222950
31351723
3035514591
2649019174
138726767
2895184819
1864685561
34545212
2521831674
3950618201
3459800833
2614031494
633033121
1907084510
1830786191
1594627005
499948123
1133781486
481684690
3970453577
4080997823
2288715654
596119479
2657402430
2776936587
2652270005
531363913
2237092440
3889528256
827767821
978533949
206645824
1215993878
2917242719
422728292
2522094538
1575843469
3564847000
4103428795
3392947482
1363627186
3460048554
1922493237
2056000324
2137333360
3714078251
3149820947
2019377221
2466546784
3418682814
2623507736
3002683259
2975472551
1932598321
2554031973
2725328058
2710759999
1547340311
2833702234
3660271024
195483346
3533317202
32728518
2804307282
3562509328
4020518168
1141812465
4112379946
1319149984
1795731807
2722514029
2581073087
906561324
4067183583
3099228017
2495232589
1235352982
1910203858
1530575288
3542955886
422232994
2575305227
752774622
3079351614
1244529870
1980155592
1202561426
1305934532
493932842
1676299915
3782067762
1095946352
476352878
3983731675
3974117179
2161175743
2429764824
3227590882
2064101019
3475606185
165805753
1103283830
4286039289
100409890
2359079275
3498962218
3188253359
1311816073
2796252993
1613214502
3469047350
2460648962
1359917987
1653095605
508765276
2362041227
1727615985
3591627997
610200612
3119619899
2735356469
950874130
3967299873
1512711029
2328450538
3499190156
1380524464
946765480
3632577817
2749879864
356009073
3950352594
1290769050
2249868438
1389046019
1742607025
1304569380
506002215
209313927
2152243943
1838377414
801233851
3212318332
738100752
829110880
3997179522
2747659020
2891851717
39754576
2340472563
1991159806
2632945241
1375687874
169923771
505689735
2874569366
3257308439
2106047365
4167869542
1985294686
2562734963
2921593187
2094761354
4198378117
3756012494
632785033
287489188
2379327522
2703363884
1556139986
839312719
2906543468
1854327563
2740059104
3286637686
4261733102
2525285696
2217784481
1101471049
726271094
1976547721
1177235337
171833161
2974736903
3509492696
1898204363
2889942122
385721735
753129301
4101838610
1016991522
1617614020
1507442718
2352360315
3508645566
1434038016
940711517
3576498015
2046657247
434443272
1174736465
326276146
4099207846
2948997844
2767736990
2831050028
922228685
3777745137
1395478489
3081382628
732923254
26479503
24591426
2050612116
1791186307
2617218094
2001002255
711773031
2292200141
3936002425
3874235899
3551511034
1005424019
2617235408
1356026040
1860500863
2431661041
329417854
614545523
2703240760
2535828141
2281034905
968241227
1279159026
2522468150
1840309218
1098516509
1000148677
802076376
1646310235
540136739
1137194543
2034922396
3803418807
1027297581
553395932
2666677041
1403631673
3691370914
1452024607
2058017734
697345560
1787273953
2914654739
2045588031
704616912
689175916
1122721095
4010422632
3211055216
4254310999
1525161222
2694934379
774117115
3000506489
2112688872
1401193798
1429089264
454130071
2989278772
2344614846
3263231161
1085056728
282973790
3398019320
3277138724
1337120619
61295516
3209179504
985355283
1161016488
1373268399
2257551435
1055237308
2796580766
426502038
2476221365
4039485583
380211910
1242415120
950590257
1113514784
4194426324
537906408
664957152
3612884864
1444532435
2919158954
942408661
1807520095
1658783292
3870059884
1134645623
1210497782
3954635940
734487439
350524801
1877361335
4227756248
1407801718
2783830845
2833227689
2321302930
1522954726
3747366315
3635488373
3122279628
523155553
3635410602
203746926
1758420881
512162725
559627947
1196993096
474068912
3188926574
1389003684
4187227828
2084435549
292462588
2723261355
3076480366
3069204459
77898036
2805171961
1351937328
2119410979
1111869190
3752915596
123168492
1061738973
814802322
3895457235
1909208186
2943323360
3894020777
2606753977
1895227486
2231399950
3484592925
3200266369
160262317
626438613
1086010266
1194138451
258783025
2107676591
4039260974
336053185
543395092
2231024524
713983921
158701984
264875349
2659291206
897391798
3038686404
1699520336
1510870033
3234084255
3608144034
1025910239
2824973246
3633784639
2715625397
1343954445
27225301
1255392342
641436850
3867215763
2528215002
3770994707
3414371150
460800682
3830554168
3395385326
3586195427
709689220
693207387
184533134
804644992
2496487586
4097481704
4243451328
597294366
812640890
823111362
1105406396
4206613071
3718374751
4129921590
1809616520
2800805343
2305915390
3904590666
3740847345
574172711
4249885589
2697833452
2473640049
3875649994
4277649856
3895754779
76621362
3617035588
418555748
963890816
4260788312
4315449
290470859
3225438568
1355118174
1723454545
4077485427
99311171
1229746405
1199719920
3251308719
864965721
2087399853
3492015128
295024223
2918993567
817095072
2004339446
2785210954
126767790
2881214365
1074412013
979136526
4181571265
546209885
2282670950
8668050
1255772759
112917744
3332702519
3474053064
1908275833
1866963924
3174999712
4288954686
3161396803
2198010383
3785604481
110644714
1285262247
3973969978
3975340855
2963160497
368697306
3834772110
2539300657
3033264749
297760261
2601290002
3793723618
3510082855
1823609934
1964590187
4023304583
2132427701
3360586716
1501847936
2180693698
1090550997
3708778428
3489455607
4270169113
1589906313
803167718
1958675500
2667517011
1672312193
122013556
124695085
717822106
3253971488
1731558362
1662397913
618846924
1627741433
2008937060
2530096166
381264579
1300418477
4279168594
3996756206
3321895520
282973748
3563954304
1821710025
2190933268
2555990080
1312450865
914491192
3640273552
3282541838
3487197691
2767128865
915086100
1925149946
1207980279
405720223
2751345113
1004321195
4156992350
1471738441
3440240464
3583221296
2365012142
3245747753
2135605770
1659616039
3111646375
3545694788
3004158989
2946193787
157801528
1550088953
538557072
209120032
482571512
4110489986
3101567223
1443740232
3050778608
3190997316
2559201316
3659849874
335432438
1350453626
2626703855
3390958284
3586801843
2408914914
1006202647
2687212748
2328999524
2822287018
1583040066
918150951
2564320553
1011172787
2385102007
1356996063
3316748942
3360498101
3336837026
2922572124
3231631835
4152827883
4161856628
2429876894
1267866464
986740445
615214484
164670123
2523549583
4187062078
1226005454
3005386043
3239326574
4030437996
1982629479
1666432684
800828557
2428395518
2005882809
3419797811
4260436943
312886720
310398035
1906014179
2601292609
3447303115
3774546159
2952026278
3669517658
899723629
1696528066
86484039
1228620279
1316633910
2978386839
1378903786
3369062534
3284725645
1835301622
3221149577
1015719355
3333358170
3562868134
3936613823
2822409448
2538437900
1280166275
3951394875
1214961920
3227574863
3980869155
3514877144
4098181261
3533157540
185710492
637655080
2971581509
1868029361
2647808457
4010727622
1589129005
3615041701
4267206084
231792997
1411475523
2744417718
456216102
2902262757
2761543690
4090578579
3821308782
2110252058
2952483677
4217591760
3830644465
2145496640
747756557
139350672
1618997401
2801867386
2096278084
950085016
208988191
1990170191
3678568476
3213172415
842028732
3314765081
1173138320
4144911421
3029943806
1486089481
3736333082
1750521963
97073527
3897607864
1783041865
2297579247
250488706
1372669320
3554988727
450932264
1480686453
2356899270
1655258546
2254917441
3495206290
1883480361
3624746372
80093625
3225415490
581942349
3016876174
2912062963
3159260062
1196923896
2875953504
3784598804
3065832439
2272245336
3362935631
3691281009
2513717961
642431861
3189687201
3436909366
2871430534
2925549995
2295525925
573571793
2518514838
2130376631
2227188653
569688372
1414500839
1364361131
3001418117
1847024966
1842911430
3709396364
2670331208
2312626680
3102270910
3438469670
1182359938
1069128879
802286465
1734431110
2980892598
1891270837
1752163168
3937940246
2367980782
3443865796
1471100286
1984822704
1328266340
2470028984
1357740689
3615385397
531863690
1840948000
3076914312
518808061
2555896947
4164762597
3958349485
1410896105
1691265308
682641884
981562459
4202836174
1641922131
2233043864
101465115
3060597687
2249903584
2025418744
106025337
2389057739
765493235
2657204019
576103876
3686344146
1336037318
3327877911
620528289
3064653532
1355787151
3730971406
2165085453
2361667210
3282615863
2447752261
3937985864
1487373539
527867858
226844651
844261406
4120534494
609679398
169796310
2485098460
4166625775
1296790168
1342984848
143133795
3186660816
1319586556
3276157037
3031948979
914073255
678507994
4293616170
2022864760
212726024
3806539936
1054502858
718055159
2194040059
3590853369
271831892
2126570480
3248119653
3196194633
335543810
766337430
3081311787
586246129
4047210601
581456148
2673523640
1900476537
1323173432
3469582622
2776189897
3350115570
3447966925
3793931927
2440601634
3004958310
3515007554
2518325424
3429539494
4199822109
2331419989
1731343016
1513689530
2524255413
4117437838
2001720457
84479851
2170942949
1929839301
35190412
752002920
1325315465
3461842027
3645505070
2811632313
3241828136
602011062
1837618683
2884234187
3163923262
3713677893
994971039
501301776
1968250640
4217578433
2975210266
3931489849
556572423
2108858120
551240216
3310388420
1043064919
4074161744
637679453
1767608395
2003263113
311614833
609933838
838160408
3642984296
850060232
380998335
3187131427
3924485080
152598120
2680289456
3928666918
1907862556
3313501418
4002636821
3943658889
2812599502
3800378937
2865912097
1549796229
4272212164
2299484783
133753969
4214651295
879164508
2104157521
3636510502
2122634958
135478380
1591228337
2472985906
1654289162
1495818843
4178606734
2508884591
1713537003
2997728564
2970352903
1290217412
2763978072
3890369862
2080237235
579829274
3003149882
3196593479
1151801924
4047675665
1600886606
1828462704
669713712
999183963
1782196320
2669815638
369581935
64587478
952894904
106941691
1830848200
2361099641
768808459
474337457
3506893169
2747248429
3219567759
1469606222
3028166767
4003884380
3635151189
2015451225
859749263
243484790
2172362024
1828598533
3687432073
547207439
218851105
1777130292
2142441925
881568976
1575109276
2716009355
3907156492
4121812525
146843954
2079287265
3371648856
1851070412
3390612870
2979245116
4062943245
2871934586
3116925069
432590055
740602647
1121348749
414124956
2697438864
2508562387
3890054563
1922708297
1446601331
278028786
4286672437
577015878
418400328
2906567668
2608974593
3634778592
1135409392
3573888848
4271136501
1756826339
2835600191
2487524628
1554798143
1411422970
2723443639
1698319645
579917028
3049950955
2428368838
2003307199
1586853525
3240087783
193097050
2420979370
1945071237
1345291895
2179562440
532026340
2287163196
2751882621
1373309349
3360781310
2518479216
2948575832
4124667426
3533309616
484491948
202368307
482660090
2327383851
3677821536
2308692749
943869739
3077962143
2741399444
1829147751
1276450245
110957394
574520140
249408522
1814886224
477070355
3985602864
3052163263
3666069444
1192352550
337723001
1790009260
2929461082
2954125903
772671176
3613836479
985891799
544313202
3476486490
1714563049
3653860373
1334690577
