948189200
3508917914
2044951650
1964768588
2061963490
4162486492
3042226400
2425837319
815928170
2094169543
2868325164
868777241
4086211739
855575650
1459406509
430884482
2344132315
551183093
3869668932
2673986679
4132627396
882862871
3563612272
3257896642
2428179217
2393817954
2706544270
3899375884
2316794955
3202148758
3542485288
627234822
1851490336
985206551
2664123059
3609827089
3739953921
1081816334
2855237272
749762430
3575358852
2566710675
3135185460
40341058
3790795785
3462073941
3653590177
1473129350
970105565
207778112
1623447318
3713143971
977756588
1162540291
2670284434
401338260
3979416057
3243662914
3685564189
2495904882
769046471
1158092503
2876810490
2052769419
355504621
3639038715
3887872174
3165307100
1004375634
532878987
2348540830
2303172869
3174265618
2476766390
3600441271
735903218
1612782106
409124923
377974245
1426658352
1966100702
1583750901
4201318296
1774760194
2693947295
1637062094
3135297514
1880668403
4196373033
1949264825
4118567716
3432929905
3926329781
2972505938
3380797467
1816902171
1038298761
200901550
1989242883
2285198266
245627861
2226002475
3914765731
3014045084
1163474828
532644598
631818389
2823222647
1777955363
4289526560
2222068893
1408293576
3320060980
1925621299
189102169
4265803277
1798069916
580602407
1839312577
2520608725
3581682250
4278148327
1342479189
2344966858
1390966974
3036062626
3881782186
273117190
1045335744
3030173142
1218530078
2993167355
83160478
3280555808
2613202199
1171564648
2022087927
2610569562
562700231
1334104394
2243990263
2838951482
20185534
2268558747
1119312269
4228217702
2764429945
2859739413
1895731732
796317722
2233881969
62348090
109049422
3641099902
3047036560
227327425
87141360
2525643115
350526545
1887206145
329492961
830538463
3069241578
234855750
2927213543
920677415
1159689016
2629402262
418932697
3104433422
2797257702
1041496614
1720511374
2671210420
1372964032
1896247510
3488429590
468302782
1670523793
3043679265
1123282546
1276494891
4291321836
480724552
270472421
1144329385
526010455
3214680093
403929780
1235638484
1197200648
1467140383
2199734801
2191003308
1302527774
3025044182
1023971268
3293261034
224780460
3792658810
80846796
1527870029
4270967055
8356179
2118243593
666319485
2644112516
2740907434
2171883558
4168668005
1492382823
3948230660
2357897176
2126833487
449665920
3537787092
2630847777
3453078594
238684859
2321995688
3235410031
1004996343
1667249463
3083019755
967519821
78642067
202041274
1216477777
465818456
2748537840
3233351684
2180022953
87234967
302893117
480773259
3223437354
377591185
1174270112
141588762
752791409
2800474981
2160561641
1897677242
3419225054
3573729517
236813512
2666378816
4177883276
2469568108
716275798
1724781630
3761857513
3367509008
2768558217
264350335
1854223132
3826628583
1297902966
356602316
1782523728
2696279657
3622250266
689976032
2265110312
371093834
703134428
2267317196
2792683324
2517688523
3556851709
3362434385
3368792597
2189779304
394216257
433505533
2789008066
3925386290
345197430
3431181697
2321257165
3013705658
2335330524
1504494815
3333605054
4157103370
3959812483
2637862139
1077352890
569041566
3865031542
1231629173
2071039646
1393496084
4069227950
1092057945
734455538
54300768
25655330
1167863169
113645698
858762296
3415710999
565019430
2285522415
3639937674
789115911
1823658149
2319382625
2240035134
510194965
1752218016
494256667
1720488776
2008464096
2972769928
90693233
3414098457
571785635
3152097607
3312440236
2891087540
609046963
2960126085
2995180990
2294613035
2137945513
4172670574
1348462678
2315207709
3149951574
3897343761
3644896266
1771036390
1228043432
1458513050
1093033032
1961055067
2593761330
1900857640
4147384562
604947065
679712167
429646206
2585627399
282094019
1579533260
639875634
2097009182
1203232989
296795583
4242305515
4114203381
2358177198
1413847760
1760724035
3517235797
2252798072
1270170656
2216864643
1927894781
449127154
2777651407
3775358718
3255788133
524291884
1951325454
1064779333
505870356
977278996
3669846937
2718708598
3219752670
449526632
2682656990
1604545746
1436155119
2565339896
1779219748
1804432488
1779732459
3357344514
1548469740
1641919202
2145968382
2832721049
786474906
2425493575
3417664922
4075391466
3801784812
3567240944
3132026996
3117844906
2051463082
1288896289
3227027891
2551327258
4107455232
3809841740
2836621363
3115128221
1858053378
861957831
213701385
3678329982
2954726630
2698070550
2096297555
2424383077
715782964
1034809527
1895769437
1633563531
721789150
3964518719
149567810
288118624
2659382907
3124930479
1780091734
2010833509
1852549377
3106768995
1548172544
3640930366
2548871672
1458841806
1854059920
2121724686
970965259
1684500331
3782847245
2490368980
2181719595
2665212676
484202867
3435593912
2498294121
2417085058
418384214
3267017626
3194166715
2510879510
1520919888
1170336428
2086797851
2536099638
213153095
510141161
2150210177
3261928613
2244834121
2837588473
3867377561
2428960096
3881988626
1737513836
1540915163
3630527558
2955152376
3964092875
2663571290
2569352944
1233968894
3132339155
202107493
4036385710
1665200120
506051333
3514580688
286535510
3950453395
788728143
2444336793
578520559
3638099360
3991172493
2103734702
3617022527
2956207407
921922532
1531551103
969198396
1708407145
1208701909
590041502
2025626389
1279152692
261614253
2533894336
3746799997
764754246
3264106117
2349704622
4200328006
2088570546
590628089
3637951714
2582121303
767785961
3675114448
2499242004
2189758588
439703430
1531775249
485680626
3879293581
3828775088
2844903219
2129669986
1615028373
2824821729
3069882941
3271450480
698793333
2375951945
961962033
2554971392
2365917162
1707406491
2132910679
2472586809
2980663426
247507122
1367896825
2254139681
416999983
2203404114
3323824520
1837126181
2628411414
4200725408
938580253
2835684553
1819975837
1963817426
1345979249
1458435003
44782672
273516812
158869309
2882407544
1026915968
1341163182
159730834
1645458355
3820179653
2539332041
904150177
2748789396
2007881569
331226859
345206983
1738901850
540500279
599322753
976012756
1481465117
2965903516
1638416299
1683150160
3818136933
3789791430
1223189666
838041323
457755636
2738562756
2431701793
490276300
99645944
3815019186
1851787221
2989395852
850040508
1952153938
1753620190
730868241
337573507
103483542
1094859964
2830076339
2814554330
3145717417
3563438600
2730285878
3437978623
3095373279
3432864985
1559778902
4127965501
818351532
1387389687
1852674512
3843002533
4249350736
706990517
1631017729
2116540428
3289338148
1982140717
4283025122
2346817485
2586546986
3650539886
3849602242
922600033
3174630354
1862769036
719402794
3180888797
1972688994
342878852
608657085
2081647724
1429267360
2711372468
1736691490
9866955
303211564
50047017
2180759065
3251074467
2491241863
3702451161
2428003015
2478267775
416590138
3962036082
1736960430
2401346271
1648696906
1688744646
3470500822
1680311892
893517692
1863436043
4147380232
563532694
4052328435
1881451788
4251839604
2438789106
1509763890
3659804586
1775898970
1680334345
579301179
422935744
2418990092
2506370250
739521640
3196316820
1922532486
1557846639
110470340
560085988
765928574
2575830532
1123409861
866214952
1458131006
2659183800
892535183
3398807091
1971833901
3006158461
1158674684
3220377507
3019421558
3161588843
928382533
2202522911
427343915
1599101655
2162846444
1399018338
726568526
406818628
2278851924
1971158311
3290151706
633988110
1666424275
4284857696
386910997
2248676211
1944509457
3223486681
2706201975
3191801648
3531471838
1858305021
3026846285
1600591362
2802729765
2119871185
3066880534
2853790281
3859029920
1065164106
1303096626
1098681577
1836832768
3170163658
480822566
1980875235
1846596189
532882203
3356268574
1613196900
1361800460
2459657163
3804432477
2847577851
372528810
2974059654
1407249560
3119737953
2690229421
2773357710
2335609426
1279450767
1191155782
2297259840
2577287758
667088195
3702337781
2684327947
125511604
4112764940
1721768531
2309521743
1911544888
3662437273
4248627705
777313401
734703997
3102111211
2533671203
4245594675
439347822
2960173541
2181963720
3792619357
2772353894
2113163785
2221008923
2437648889
3507100634
3491953664
940190830
3744138373
2091660116
2133074494
2413902562
2244782608
2976132781
2342973325
1695901400
1767517195
573575680
114918238
3088927291
1059809743
2501027036
2286040870
4152986694
1115334810
3703783678
905548003
432605367
4235683714
617904042
2004732851
874773634
1219413888
1343565364
2806698496
803516214
2779319971
3879285154
4237627502
1676438544
3762998992
3424763024
2487652845
2628880740
2323019716
1215464150
1107076012
4245512382
4153614468
3548199747
3124768823
1463974059
569585381
4148503392
3784499652
3464399076
2860210146
293564645
1927625105
2762746877
1726914828
1383824223
2035576503
3390615117
3597894825
491237140
1625580753
204633988
61711794
2158105646
1553687903
796631340
2217110558
1147049335
658656483
4005982431
1750603290
2576127289
3369335038
2317049482
2388840893
411006223
3942645950
2966802341
60004283
1754894771
1142935233
4269217819
2924415542
1932573851
4075187199
2478732803
2246264829
3792670394
190058994
3297306225
310183665
3024148703
2325614251
215932532
553226877
2622381419
3180463465
2543803279
3205888920
2633358869
273955345
312082535
4068452401
3227005363
2431998881
1386404954
1305675154
3522530776
1034357275
185964473
1074713385
2420258380
3526804431
1987890077
583071720
860855834
3845830328
2000208061
3571567223
3446787296
907152383
1749074540
1775903615
1810427574
3275934251
2888832730
1212008243
3852320427
3454811701
236148292
3030528815
602566757
3264608336
1631243534
3900459429
3754512370
855151574
3616332847
759713842
701061278
1844344716
1881729538
107015605
2783043475
1563867464
3713215655
1528466064
2950323215
2944239317
2563551011
746459105
3791076943
4276145356
1408735959
390164785
1088851420
3605972218
2843953722
796100262
3581223522
1290512306
666993878
1498945263
99305940
1438503294
3361762579
1649132740
2398371737
135906875
930416616
1421744414
3107155533
2256882280
2381955282
3147065198
2146744878
1598414066
1917295248
349395077
4144632799
1484766991
3589256835
795260013
454612654
4249262670
1091417302
3231852515
3701206184
2442562497
844326052
2344008443
674428770
1317054645
3271933436
343197202
4244777076
995508547
3021901621
3541530809
3784600764
3105946118
227691902
1175616723
2062584936
2571036515
657150679
1237054050
2016944255
1517542530
3673526094
2519830538
2080689145
1828857251
4286123973
4006810063
4048035779
2698773212
1715493734
524179099
2506031675
2038517452
4186009039
2328808718
703620012
3609291093
758451741
4071806562
3160622676
3630831043
2573438030
4042614817
2963372640
3556126702
3180996685
99060705
872637844
3897607922
2268812096
2090167761
931268939
2981494632
2813958992
3281435923
3629571607
1163101065
439627253
909013395
3428216138
3450940423
4230533767
139315363
1833656079
155941858
3861844312
119175081
3779149902
1095771680
1294051171
2024303797
2050023829
4289598382
1406855457
2757874232
3872160558
4272903594
688930708
288625696
1735849692
3046997184
165213821
3154520733
723191658
2519076394
3443006293
1561874163
606710616
1769988847
3297094665
4049139586
2662925555
1917292517
4150560229
3554845304
2881306400
28647126
1881461238
1821835511
3280378094
2079931852
2772555987
1411913459
3285290401
255239094
2742037526
2951675210
1651862854
3458697173
2840896465
2465245548
2290672381
4104651815
390773050
3204236421
2713405099
1310715815
2808647919
76103698
1111553161
4226176934
2725001219
978163589
3180829316
1676920079
4247520038
1520969238
3423703783
405493453
1025875510
164933119
2302690103
1321187565
1493852249
1684202706
920308030
2286373227
4084715089
3183969325
1873407637
2968476958
982174903
1526479729
201320176
2377915141
3292867067
3540857425
745092204
90200303
1596846080
2578387856
1320906641
662976165
3815490184
1422319032
1961479624
3116252719
2910731181
1454467669
790238852
1818600907
206547983
3580340343
4201353968
1728502924
2706062963
3133556915
1797380921
3361239777
1280952902
3690444738
2154362907
2926790569
2020789003
806070496
8209734
2687965609
2941006164
4183542252
1689137163
3565394282
867957097
1857352307
2655654326
3488437970
4082802093
1937899866
42504087
3618249860
4105907344
867681977
1961242729
3460887049
3408263248
49263549
4010297361
3595122701
1142955418
2562549760
159784618
2323275074
2159353059
3139331091
803203164
1840887156
3880062175
105011680
3245696742
1619860902
3285832802
1325523728
2461004227
1785109273
3175586926
2995343141
1000174659
2178688790
769315415
3514727475
2269552394
2830548530
3712963100
1254016070
2553043801
3404167703
187171364
2770444318
2964543325
1950971376
3143370450
1375245302
3359742064
1457974719
1767494359
3008368148
334424970
753425979
586543497
669451105
4111709302
278359501
1279997387
3676061035
3649801068
873647459
1648188049
1448225894
173546876
4098588581
3879804319
3223165446
2489546141
1258998660
2313970022
4082206459
277236102
3974976767
1792597447
2478470462
3753602019
982231020
674168686
1814558689
3090457250
3046564089
1122079170
1070530400
2170340683
446450735
341395382
196045873
718604169
1185099314
3815863100
4186478725
3582986684
211750407
1556900900
3685037437
4266677313
3660818841
312317359
2218370274
1317711571
3107585010
3237339237
3856429128
2002721503
3277756907
4103960632
590348548
796858357
3054357611
2252353957
348333259
3585085523
995636105
3343523784
3491424194
710214545
106843879
2864431452
2940504485
3569222950
31351723
3035514591
2649019174
138726767
2895184819
1864685561
34545212
2521831674
3950618201
3459800833
2614031494
633033121
1907084510
1830786191
1594627005
499948123
1133781486
481684690
3970453577
4080997823
2288715654
596119479
2657402430
2776936587
2652270005
531363913
2237092440
3889528256
827767821
978533949
206645824
1215993878
2917242719
422728292
2522094538
1575843469
3564847000
4103428795
3392947482
1363627186
3460048554
1922493237
2056000324
2137333360
3714078251
3149820947
2019377221
2466546784
3418682814
2623507736
3002683259
2975472551
1932598321
2554031973
2725328058
2710759999
1547340311
2833702234
3660271024
195483346
3533317202
32728518
2804307282
3562509328
4020518168
1141812465
4112379946
1319149984
1795731807
2722514029
2581073087
906561324
4067183583
3099228017
2495232589
1235352982
1910203858
1530575288
3542955886
422232994
2575305227
752774622
3079351614
1244529870
1980155592
1202561426
1305934532
493932842
1676299915
3782067762
1095946352
476352878
3983731675
3974117179
2161175743
2429764824
3227590882
2064101019
3475606185
165805753
1103283830
4286039289
100409890
2359079275
3498962218
3188253359
1311816073
2796252993
1613214502
4254310999
1525161222
2694934379
774117115
3000506489
2112688872
1401193798
1429089264
454130071
2989278772
2344614846
3263231161
1085056728
282973790
3398019320
3277138724
1337120619
61295516
3209179504
985355283
1161016488
1373268399
2257551435
1055237308
2796580766
426502038
2476221365
4039485583
380211910
1242415120
950590257
1113514784
4194426324
537906408
664957152
3612884864
1444532435
2919158954
942408661
1807520095
1658783292
3870059884
1134645623
1210497782
3954635940
734487439
350524801
1877361335
4227756248
1407801718
2783830845
2833227689
2321302930
1522954726
3747366315
3635488373
3122279628
523155553
3635410602
203746926
1758420881
512162725
559627947
1196993096
474068912
3188926574
1389003684
4187227828
2084435549
292462588
2723261355
3076480366
3069204459
77898036
2805171961
1351937328
2119410979
1111869190
3752915596
123168492
1061738973
814802322
3895457235
1909208186
2943323360
3894020777
2606753977
1895227486
2231399950
3484592925
3200266369
160262317
626438613
1086010266
1194138451
258783025
2107676591
4039260974
336053185
543395092
2231024524
713983921
158701984
264875349
2659291206
897391798
3038686404
1699520336
1510870033
3234084255
3608144034
1025910239
2824973246
3633784639
2715625397
1343954445
27225301
1255392342
641436850
3867215763
2528215002
3770994707
3414371150
460800682
3830554168
3395385326
3586195427
709689220
693207387
184533134
804644992
2496487586
4097481704
4243451328
597294366
812640890
823111362
1105406396
4206613071
3718374751
4129921590
1809616520
2800805343
2305915390
3904590666
3740847345
574172711
4249885589
2697833452
2473640049
3231631835
4152827883
4161856628
2429876894
1267866464
986740445
615214484
164670123
2523549583
4187062078
1226005454
3005386043
3239326574
4030437996
1982629479
1666432684
800828557
2428395518
2005882809
3419797811
4260436943
312886720
310398035
1906014179
2601292609
3447303115
3774546159
2952026278
3669517658
899723629
1696528066
86484039
1228620279
1316633910
2978386839
1378903786
3369062534
3284725645
1835301622
3221149577
1015719355
3333358170
3562868134
3936613823
2822409448
2538437900
1280166275
3951394875
1214961920
3227574863
3980869155
3514877144
4098181261
3533157540
185710492
637655080
2971581509
1868029361
2647808457
4010727622
1589129005
3615041701
4267206084
231792997
1411475523
2744417718
456216102
2902262757
2761543690
4090578579
3821308782
2110252058
2952483677
4217591760
3830644465
2145496640
747756557
139350672
1618997401
2801867386
2096278084
950085016
208988191
1990170191
3678568476
3213172415
842028732
3314765081
1173138320
4144911421
3029943806
1486089481
3736333082
1750521963
97073527
3897607864
1783041865
2297579247
250488706
1372669320
3554988727
450932264
1480686453
2356899270
1655258546
2254917441
3495206290
1883480361
3624746372
80093625
3225415490
581942349
3016876174
2912062963
3159260062
1196923896
2875953504
3784598804
3065832439
2272245336
3362935631
3691281009
2513717961
642431861
3189687201
3436909366
2871430534
2925549995
2295525925
573571793
2518514838
2130376631
2227188653
569688372
1414500839
1364361131
3001418117
1847024966
1842911430
3709396364
2670331208
2312626680
3102270910
3438469670
1182359938
1069128879
802286465
1734431110
2980892598
1891270837
4272212164
2299484783
133753969
4214651295
879164508
2104157521
3636510502
2122634958
135478380
1591228337
2472985906
1654289162
1495818843
4178606734
2508884591
1713537003
2997728564
2970352903
1290217412
2763978072
3890369862
2080237235
579829274
3003149882
3196593479
1151801924
4047675665
1600886606
1828462704
669713712
999183963
1782196320
2669815638
369581935
64587478
952894904
106941691
1830848200
2361099641
768808459
474337457
3506893169
2747248429
3219567759
1469606222
3028166767
4003884380
3635151189
2015451225
859749263
243484790
2172362024
1828598533
3687432073
547207439
218851105
1777130292
2142441925
881568976
1575109276
2716009355
3907156492
4121812525
146843954
2079287265
3371648856
1851070412
3390612870
2979245116
4062943245
2871934586
3116925069
432590055
740602647
1121348749
414124956
2697438864
2508562387
3890054563
1922708297
1446601331
278028786
4286672437
577015878
418400328
2906567668
2608974593
3634778592
1135409392
3573888848
4271136501
1756826339
2835600191
2487524628
1554798143
1411422970
2723443639
1698319645
579917028
3049950955
2428368838
2003307199
1586853525
3240087783
193097050
2420979370
1945071237
1345291895
2179562440
532026340
2287163196
2751882621
1373309349
3360781310
2518479216
2948575832
4124667426
3533309616
484491948
202368307
482660090
2327383851
3677821536
2308692749
943869739
3077962143
2741399444
1829147751
1276450245
110957394
574520140
249408522
1814886224
477070355
3985602864
3052163263
3666069444
1192352550
337723001
1790009260
2929461082
2954125903
772671176
3613836479
985891799
544313202
3476486490
1714563049
3653860373
1334690577
